2094
523
2061
554
2069
2060
2075
511
2787
2076
507
2128
711
413
1786
509
710
2274
4262
4259
508
2074
2129
2194
2078
2077
2200
4147
578
2226
2127
452
215
214
4256
2275
4257
1755
4263
2316
2303
2308
2313
363
288
1955
4122
211
301
299
4195
4207
2124
299
4209
468
2308
467
4298
2414
377
1649
286
2115
232
2409
268
254
407
2309
2314
2310
406
420
2205
416
4299
2202
4304
2307
2203
4156
4303
4302
2417
4303
464
2208
2416
463
2344
712
2073
4292
739
4210
2345
2121
4293
2204
2207
411
4294
409
415
287
418
407
1849
2314
284
2206
4301
4295
4179
556
419
4179
4296
422
421
2306
2196
4306
425
4300
1856
2198
4305
424
2201