#Nordpolen
389 2313 1970
386 2339 1942
387 2356 1953
1083 2388 1943
4279 2390 1961
388 2462 1974
4280 2519 1978
2765 2576 1984
2766 2624 1937
1227 2618 1988
2767 2612 1948
1079 2529 1925
4283 2572 1924
1230 2609 1923
402 2647 1923
2651 2509 1905
2071 2508 1881
2070 2500 1856
557 2553 1871
555 2553 1846
4281 2670 1979
4278 2757 1965
4282 2824 1952
2346 2881 1941
676  2827 1909
565 2858 1905 
4284 2897 1922
390 2925 1927
2343 2957 1939

#Drageøyen
2094 2169 1500
523 2176 1494
2061 2202 1510
554 2198 1524
2069 2244 1541
2060 2231 1523
2075 2238 1511
511 2236 1498
2787 2263 1526
2076 2262 1515
507 2270 1502
2128 2266 1485
711 2294 1523
2123 2293 1510
2122 2318 1507
2192 2307 1494
4207 2325 1483
509 2247 1458
508 2231 1442
2074 2211 1425
2077 2202 1401
2078 2226 1406
4147 2247 1409
2129 2236 1431
308 2264 1418
1753 2280 1401
2127 2253 1381
578 2231 1372
2226 2242 1372
452 2269 1367
4256 2285 1384
4262 2314 1455
4259 2293 1449
2272 2287 1437
4263 2298 1421
1755 2306 1400
4257 2317 1391
275 2308 1372
2316 2337 1387
363 2343 1370
2303 2348 1398
288 2352 1414
1955 2336 1414
4122 2322 1437
2413 2340 1437
301 2328 1465
2124 2347 1474
4209 2376 1462
299 2352 1460
468 2368 1453
4195 2349 1438
2409 2386 1438
286 2383 1423
2115 2401 1414
467 2376 1393
2414 2406 1387
2308 2371 1378
2313 2366 1367
4298 2385 1371
377 2409 1371
1849 2416 1355
712 2421 1470
2073 2422 1451
4292 2441 1458
4294 2456 1444
409 2441 1427
415 2466 1425
287 2429 1407
2309 2445 1389
407 2439 1377
2314 2469 1383
739 2447 1476
4210 2455 1485
411 2470 1472
2345 2457 1509
2204 2480 1508
2121 2460 1534
4293 2486 1549
2206 2507 1553
4301 2501 1536
4295 2517 1537
556 2493 1524
419 2506 1503
422 2527 1504
4296 2544 1510
2306 2566 1502
2196 2565 1479
462 2552 1469
4305 2497 1489
424 2487 1487
2198 2511 1477
4306 2529 1476
425 2515 1467
1856 2487 1459
2201 2492 1441
4300 2512 1459
2416 2526 1440
2208 2540 1440
464 2551 1455
4303 2569 1453
2417 2559 1431
4302 2580 1427
2199 2533 1411
463 2519 1427
2197 2506 1415
423 2485 1424
420 2489 1399
2310 2481 1390
2314 2469 1383
406 2490 1370
2205 2514 1379
697 2509 1399
4299 2527 1385
416 2531 1368
2202 2545 1380
4304 2556 1373
2203 2555 1398
2307 2569 1396

# western middle cont.

2761 2702 898
1211 2709 915
2760 1218 910
2756 2691 916
1215 2683 908
2764 2688 923
4075 2682 915
4074 2675 912
1798 2677 922
1796 2664 920
4065 2647 918
4064 2637 916
4066 2634 926
4069 2617 915
4063 2617 923
4067 2604 932
4096 2586 934
1901 2584 928
1169 2590 922
1166 2594 912
4105 2598 902
4090 2596 887
4109 2605 879
4094 2612 870
4100 2627 865
4107 2631 858
4101 2622 852
4095 2606 851
4093 2586 851
4070 2570 847
4089 2550 647
4099 2538 862
4097 2545 882
4078 2581 902
1165 2586 879
4068 2604 860
1164 2569 859
1163 2548 863
1151 2563 901
4079 2562 924
2949 2556 934
1170 2536 927
1168 2514 923
2948 2497 937
4086 2463 944
4085 2489 967
2291 2477 954
1124 2468 962
2249 2251 968
4088 2546 900
4098 2525 902
4091 2507 901
4092 2483 895
4083 2452 903
4084 2443 887
4080 2542 914
1168 2512 925
1172 2488 923
1171 2490 904
4081 2469 911
4087 2466 932
2472 2450 948
351 2445 928
350 2447 909
2458 2429 891
2457 2423 948
2456 2432 931
347 2429 873
366 2425 854
1111 2402 847
1793 2382 866
2244 2376 891
2240 2349 909
1116 2311 930
1113 2307 955
2239 2318 978
1141 1136 1003
1139 2335 1027
2258 2339 1044
1162 2348 1058
1249 2350 1068
1133 2347 1080
2271 2360 1088
351 2348 1099
2238 2362 1115
1120 2339 1123
2246 2331 1143
2243 2343 1135
2260 2356 1140
2474 2384 1121
2277 2416 1144
2282 2415 1150



























































