#Nordpolen
389 2313 1970
386 2339 1942
387 2356 1953
1083 2388 1943
4279 2390 1961
388 2462 1974
4280 2519 1978
2765 2576 1984
2766 2624 1937
1227 2618 1988
2767 2612 1948
1079 2529 1925
4283 2572 1924
1230 2609 1923
402 2647 1923
2651 2509 1905
2071 2508 1881
2070 2500 1856
557 2553 1871
555 2553 1846
4281 2670 1979
4278 2757 1965
4282 2824 1952
2346 2881 1941
676  2827 1909
565 2858 1905 
4284 2897 1922
390 2925 1927
2343 2957 1939

#Drageøyen
2094 2169 1500
523 2176 1494
2061 2202 1510
554 2198 1524
2069 2244 1541
2060 2231 1523
2075 2238 1511
511 2236 1498
2787 2263 1526
2076 2262 1515
507 2270 1502
2128 2266 1485
711 2294 1523
2123 2293 1510
2122 2318 1507
2192 2307 1494
4207 2325 1483
509 2247 1458
508 2231 1442
2074 2211 1425
2077 2202 1401
2078 2226 1406
4147 2247 1409
2129 2236 1431
308 2264 1418
1753 2280 1401
2127 2253 1381
578 2231 1372
2226 2242 1372
452 2269 1367
4256 2285 1384
4262 2314 1455
4259 2293 1449
2272 2287 1437
4263 2298 1421
1755 2306 1400
4257 2317 1391
275 2308 1372
2316 2337 1387
363 2343 1370
2303 2348 1398
288 2352 1414
1955 2336 1414
4122 2322 1437
2413 2340 1437
301 2328 1465
2124 2347 1474
4209 2376 1462
299 2352 1460
468 2368 1453
4195 2349 1438
2409 2386 1438
286 2383 1423
2115 2401 1414
467 2376 1393
2414 2406 1387
2308 2371 1378
2313 2366 1367
4298 2385 1371
377 2409 1371
1849 2416 1355
712 2421 1470
2073 2422 1451
4292 2441 1458
4294 2456 1444
409 2441 1427
415 2466 1425
287 2429 1407
2309 2445 1389
407 2439 1377
2314 2469 1383
739 2447 1476
4210 2455 1485
411 2470 1472
2345 2457 1509
2204 2480 1508
2121 2460 1534
4293 2486 1549
2206 2507 1553
4301 2501 1536
4295 2517 1537
556 2493 1524
419 2506 1503
422 2527 1504
4296 2544 1510
2306 2566 1502
2196 2565 1479
462 2552 1469
4305 2497 1489
424 2487 1487
2198 2511 1477
4306 2529 1476
425 2515 1467
1856 2487 1459
2201 2492 1441
4300 2512 1459
2416 2526 1440
2208 2540 1440
464 2551 1455
4303 2569 1453
2417 2559 1431
4302 2580 1427
2199 2533 1411
463 2519 1427
2197 2506 1415
423 2485 1424
420 2489 1399
2310 2481 1390
2314 2469 1383
406 2490 1370
2205 2514 1379
697 2509 1399
4299 2527 1385
416 2531 1368
2202 2545 1380
4304 2556 1373
2203 2555 1398
2307 2569 1396
710 2273 1363
2274 2299 1468
2344 2404 1452
418 2457 1405
4340 2531 1488
421 2553 1490
284 2577 1596


# western middle cont.

2761 2702 898
1211 2709 915
2760 2701 919
2756 2691 916
1215 2683 908
2764 2688 923
4075 2682 915
4074 2675 912
1798 2677 922
1796 2664 920
4065 2647 918
4064 2637 916
4066 2634 926
4069 2617 915
4063 2617 923
4067 2604 932
4096 2586 934
1901 2584 928
1169 2590 922
1166 2594 912
4105 2598 902
4090 2596 887
4109 2605 879
4094 2612 870
4100 2627 865
4107 2631 858
4101 2622 852
4095 2606 851
4093 2586 851
4070 2570 847
4089 2550 647
4099 2538 862
4097 2545 882
4078 2581 902
1165 2586 879
4068 2604 860
1164 2569 859
1163 2548 863
1151 2563 901
4079 2562 924
2949 2556 934
1170 2536 927
1168 2514 923
2948 2497 937
4086 2463 944
4085 2489 967
2291 2477 954
1124 2468 962
2249 2251 968
4088 2546 900
4098 2525 902
4091 2507 901
4092 2483 895
4083 2452 903
4084 2443 887
4080 2542 914
1168 2512 925
1172 2488 923
1171 2490 904
4081 2469 911
4087 2466 932
2472 2450 948
351 2445 928
350 2447 909
2458 2429 891
2457 2423 948
2456 2432 931
347 2429 873
366 2425 854
1111 2402 847
1793 2382 866
2244 2376 891
2240 2349 909
1116 2311 930
1113 2307 955
2239 2318 978
1141 1136 1003
1139 2335 1027
2258 2339 1044
1162 2348 1058
1249 2350 1068
1133 2347 1080
2271 2360 1088
351 2348 1099
2238 2362 1115
1120 2339 1123
2246 2331 1143
2243 2343 1135
2260 2356 1140
2474 2384 1121
2277 2416 1144
2282 2415 1150
2284 2438 1146
1150 2453 1143
2293 2467 1154
1146 2488 1146
2289 2498 1160
1152 2505 1172
1153 2520 1156
1157 2540 1160
1234 2536 1170
2323 2547 1178
2322 2557 1158
1229 2585 1166
1228 2606 1164
1795 2619 1147
1219 2641 1158
1222 2679 1144
2799 2682 1153
1216 2714 1147
2763 2413 1140
2758 2762 1141
4158 2777 1153
2762 2790 1152
4047 2803 1161
4104 2804 1180
1191 2787 1181
1190 2788 1195
4108 2773 1220
1187 2787 1213
4106 2807 1206
1187 2838 1198
1936 2567 1184
1834 2880 1156
2526 2889 1130
271 2880 1114
941 2884 1098
1935 2684 1086
270 2863 1108
39 2846 1097
41 2828 1103
949 2831 1127
4039 2816 1126
1223 2802 1128
1214 2760 1129
2770 2780 1133
1217 2773 1135
2759 2754 1128
1103 2735 1134
2757 2729 1128
1102 2716 1129
4021 2701 1121
4020 2686 1106
4022 2671 1097
4024 2654 1083
4031 2639 1089
1194 2630 1080
1792 2614 1083
4025 4026 1085
4027 2546 1081
4030 2512 1077
1193 2484 1066
4032 2479 1045
4029 2483 1031
4028 2489 1012
1167 2493 990
4085 2489 966
337 2403 939
339 2414 931
338 2404 915
2459 2412 889
2461 2405 879
1110 2405 860
345 2388 883
2462 2394 900
368 2371 912
336 2389 923
2465 2378 936
2464 2385 946
346 2383 955
2468 2361 919
335 2333 921
2467 2346 929
343 2328 938
2469 2320 947
2237 2341 951
1751 2362 949
1112 2325 961
1115 2334 979
334 2342 968
342 2359 972
1114 2336 997
348 2351 1004
1127 2363 996
2470 2382 994
1160 2336 1014
2460 2359 1025
1128 2380 1019
2285 2350 1043
2466 2367 1041
1129 2380 1042
2247 2373 1062
1132 2371 1088
2259 1280 1081
2262 2378 1109
2257 2395 1115
1130 2392 1100
2261 2392 1079
1131 2391 1057
1123 2391 1027
2253 2401 1034
2241 2397 997
344 2396 974
349 2408 968
2463 2425 968
1121 2420 981
2245 2412 996
2248 2428 997
1125 2436 1009
1117 2410 1013
1126 2419 1023 
2252 2443 1032
2242 2413 1042
1118 2427 1042
1119 2440 1047
1122 2405 1059
1137 2431 1059
2264 2406 1084
1138 2416 1075
2255 2438 1078
2256 2432 1092
2263 2413 1106
2268 2438 1106
1136 2408 1120
1156 2427 1115
2475 2410 1133
1148 2433 1126
1150 2452 1143
1149 2477 1140
2279 2472 1127
1158 2451 1120
2288 2473 1116
1142 2450 1093
2276 2462 1099
2932 2462 1099
2295 2455 1080
2273 2480 1079
2254 2451 1068
2278 2470 1065
2267 2452 1052
1143 2467 1052
2252 2442 1032
2266 2460 1033
1140 2472 1034
2265 2470 1016
2269 2484 1018
1135 2452 1004
2250 2463 1000
2270 2479 997
1134 2441 979
2292 2468 983
1144 2484 980
2932 2480 1097
774 2492 1084
1473 2561 881
798 2520 911
4082 2452 919
1218 2701 911
1145 2506 1158
1155 2506 1149
1154 2505 1133
2280 2515 1140
1159 2527 1122
1147 2521 1112
2294 2534 1093
2290 2515 1088
1161 2541 1148
2283 2531 1137
2287 2544 1131
1139 2527 1122
2286 2549 1113
2318 2551 1092
2797 2565 1100
1231 2574 1096
2317 2557 1109
4319 2580 1108
360 2593 1116 
4318 2556 1130
1226 2575 1125
2321 4320 1123
1233 2600 1145
1232 2592 1158
1225 2568 1144
2320 2573 1143
2319 2590 1099
4323 2629 1093 
1221 2636 1146
2801 2640 1133
2800 2651 1132
2769 2671 1136
2771 2653 1123
2768 2673 1126
2772 2691 1124
4033 2666 1117
2798 2644 1103
1220 2660 1095
1224 2700 1131 
1213 2798 1144
2791 2616 1147
4046 2829 1145
2551 2621 1165 
770 2837 1158
951 2853 1167
2525 2852 1181
948 2835 1192
1188 2816 1191
1192 2788 1195
40 2861 1142
2997 2873 1134
931 2852 1116
2548 2858 1091
1798 2678 924
1796 2666 922
1794 2437 963
4168 2407 955
4167 2376 968
2251 2447 1019
1793 2379 867
1797 2495 1107
1795 2620 1146 
4321 2620 1109
4322 2587 1090
1804 2833 1175



# CUBA AND RING

2448 2507 1052
352 2538 1007
2449 2543 999
4169 2548 1004
340 2554 1011
2454 2560 1002
1882 2562 1022
341 2567 1014
2473 2578 1012
2453 2575 1004
2455 2576 1027
2954 2583 1021
353 2599 1019
2452 2589 1008
356 2601 1031
354 2612 1023
355 2609 1010
357 2630 1035
2450 2657 1036
2325 2649 1027
2326 2628 1016
2451 2629 1026
1987 2609 979
1988 2669 996
1244 2685 1002
1807 2608 1015
1805 2710 995
358 2728 1087
4317 2716 1074
359 2714 1054
1854 2717 1037
361 2737 1017
2315 2744 1008
365 2772 1019
4269 2782 1034
4271 2779 1058
4316 2778 1076
2348 2754 981
321 2795 988





# Relevant Sea-provinces

1705 2283 1294
1637 2491 1280
1628 2581 1310
1457 2653 1283
1467 2749 1280
1464 2847 1299
1465 2889 1257
1463 2873 1216
1578 2870 1196
1290 2949 1221
1272 2914 1184
1288 2928 1165
1287 2903 1118
1573 2809 1235
1675 2740 1198
1499 2769 1171
1461 2735 1163
1458 2697 1222
1602 2690 1175
1698 2682 1161
1630 2613 1199
1435 2617 1166
1403 2571 1168
1734 2542 1192
1426 2513 1192
1638 2470 1209
1636 2557 1239
1421 2462 1162
1703 2396 1177
1632 2345 1160
1639 2324 1235
1531 2236 1137
1606 2334 1086
1456 2296 1086
1412 2313 1019
1707 2261 972
1576 2129 969
1429 2297 934
1422 2152 822
1610 2231 795
1694 2227 843
1525 2352 824
1432 2360 879
1291 2328 788
1713 2417 793
1415 2461 802
1430 2412 839
1401 2468 870
1434 2523 882
1695 2508 827
1256 2523 774
1404 2591 840
1741 2629 791
1407 2688 809
1354 2752 836
1351 2679 855
1624 2642 883
1420 2648 905
1643 2721 919
1642 2726 895
1681 2766 903
1335 2816 913 
1411 2859 938
1674 2781 927
1277 2874 981
1274 2938 1014
1568 2916 1047
1567 2927 1077
1282 2903 1075
1482 2866 1082
1621 2842 1043
1360 2830 1081
1574 2808 1110
1529 2752 1119
1621 2841 1043
1614 2796 1087
1470 2792 1061
1615 2705 1107
1344 2725 1101
1358 2706 1083
1361 2703 1052
1487 2680 1059
1701 2656 1072
1543 2561 1072
1336 2514 1065
1558 2499 1011
1406 2512 1015
1398 2539 1020
1395 2576 1036
1350 2580 1056
1370 2628 1042
1362 2688 1034
1677 2505 954
1706 2524 971
1280 2563 967
1562 2565 940
1397 2543 990
4357 2628 1005
1510 2609 961
1644 2638 933
1283 2657 966
1365 2663 986
1367 2697 986
1557 2726 950
1436 2761 975
4347 2728 1002
1349 2749 1021
1476 2808 990
1286 2791 1024
1279 2764 1048
1471 2729 1039
1347 2736 1071






























































