#Nordpolen
389 2313 1970
386 2339 1942
387 2356 1953
1083 2388 1943
4279 2390 1961
388 2462 1974
4280 2519 1978
2765 2576 1984
2766 2624 1937
1227 2618 1988
2767 2612 1948
1079 2529 1925
4283 2572 1924
1230 2609 1923
402 2647 1923
2651 2509 1905
2071 2508 1881
2070 2500 1856
557 2553 1871
555 2553 1846
4281 2670 1979
4278 2757 1965
4282 2824 1952
2346 2881 1941
676  2827 1909
565 2858 1905 
4284 2897 1922
390 2925 1927
2343 2957 1939

#Drageøyen
2094 2169 1500
523 2176 1494
2061 2202 1510
554 2198 1524
2069 2244 1541
2060 2231 1523
2075 2238 1511
511 2236 1498
2787 2263 1526
2076 2262 1515
507 2270 1502
2128 2266 1485
711 2294 1523
2123 2293 1510
2122 2318 1507
2192 2307 1494
4207 2325 1483
509 2247 1458
508 2231 1442
2074 2211 1425
2077 2202 1401
2078 2226 1406
4147 2247 1409
2129 2236 1431
308 2264 1418
1753 2280 1401
2127 2253 1381
578 2231 1372
2226 2242 1372
452 2269 1367
4256 2285 1384
4262 2314 1455
4259 2293 1449
2272 2287 1437
4263 2298 1421
1755 2306 1400
4257 2317 1391
275 2308 1372
2316 2337 1387
363 2343 1370
2303 2348 1398
288 2352 1414
1955 2336 1414
4122 2322 1437
2413 2340 1437
301 2328 1465
2124 2347 1474
4209 2376 1462
299 2352 1460
468 2368 1453
4195 2349 1438
2409 2386 1438
286 2383 1423
2115 2401 1414
467 2376 1393
2414 2406 1387
2308 2371 1378
2313 2366 1367
4298 2385 1371
377 2409 1371
1849 2416 1355
712 2421 1470
2073 2422 1451
4292 2441 1458
4294 2456 1444
409 2441 1427
415 2466 1425
287 2429 1407
2309 2445 1389
407 2439 1377
2314 2469 1383
739 2447 1476
4210 2455 1485
411 2470 1472
2345 2457 1509
2204 2480 1508
2121 2460 1534
4293 2486 1549
2206 2507 1553
4301 2501 1536
4295 2517 1537
556 2493 1524
419 2506 1503
422 2527 1504
4296 2544 1510
2306 2566 1502
2196 2565 1479
462 2552 1469
4305 2497 1489
424 2487 1487
2198 2511 1477
4306 2529 1476
425 2515 1467
1856 2487 1459
2201 2492 1441
4300 2512 1459
2416 2526 1440
2208 2540 1440
464 2551 1455
4303 2569 1453
2417 2559 1431
4302 2580 1427
2199 2533 1411
463 2519 1427
2197 2506 1415
423 2485 1424
420 2489 1399
2310 2481 1390
2314 2469 1383
406 2490 1370
2205 2514 1379
697 2509 1399
4299 2527 1385
416 2531 1368
2202 2545 1380
4304 2556 1373
2203 2555 1398
2307 2569 1396
710 2273 1363
2274 2299 1468
2344 2404 1452
418 2457 1405
4340 2531 1488
421 2553 1490
284 2577 1596


# western middle cont.

2761 2702 898
1211 2709 915
2760 1218 910
2756 2691 916
1215 2683 908
2764 2688 923
4075 2682 915
4074 2675 912
1798 2677 922
1796 2664 920
4065 2647 918
4064 2637 916
4066 2634 926
4069 2617 915
4063 2617 923
4067 2604 932
4096 2586 934
1901 2584 928
1169 2590 922
1166 2594 912
4105 2598 902
4090 2596 887
4109 2605 879
4094 2612 870
4100 2627 865
4107 2631 858
4101 2622 852
4095 2606 851
4093 2586 851
4070 2570 847
4089 2550 647
4099 2538 862
4097 2545 882
4078 2581 902
1165 2586 879
4068 2604 860
1164 2569 859
1163 2548 863
1151 2563 901
4079 2562 924
2949 2556 934
1170 2536 927
1168 2514 923
2948 2497 937
4086 2463 944
4085 2489 967
2291 2477 954
1124 2468 962
2249 2251 968
4088 2546 900
4098 2525 902
4091 2507 901
4092 2483 895
4083 2452 903
4084 2443 887
4080 2542 914
1168 2512 925
1172 2488 923
1171 2490 904
4081 2469 911
4087 2466 932
2472 2450 948
351 2445 928
350 2447 909
2458 2429 891
2457 2423 948
2456 2432 931
347 2429 873
366 2425 854
1111 2402 847
1793 2382 866
2244 2376 891
2240 2349 909
1116 2311 930
1113 2307 955
2239 2318 978
1141 1136 1003
1139 2335 1027
2258 2339 1044
1162 2348 1058
1249 2350 1068
1133 2347 1080
2271 2360 1088
351 2348 1099
2238 2362 1115
1120 2339 1123
2246 2331 1143
2243 2343 1135
2260 2356 1140
2474 2384 1121
2277 2416 1144
2282 2415 1150
2284 2438 1146
1150 2453 1143
2293 2467 1154
1146 2488 1146
2289 2498 1160
1152 2505 1172
1153 2520 1156
1157 2540 1160
1234 2536 1170
2323 2547 1178
2322 2557 1158
1229 2585 1166
1228 2606 1164
1795 2619 1147
1219 2641 1158
1222 2679 1144
2799 2682 1153
1216 2714 1147
2763 2413 1140
2758 2762 1141
4158 2777 1153
2762 2790 1152
4047 2803 1161
4104 2804 1180
1191 2787 1181
1190 2788 1195
4108 2773 1220
1187 2787 1213
4106 2807 1206
1187 2838 1198
1936 2567 1184
1834 2880 1156
2526 2889 1130
271 2880 1114
941 2884 1098
1935 2684 1086
270 2863 1108
39 2846 1097
41 2828 1103
949 2831 1127
4039 2816 1126
1223 2802 1128
1214 2760 1129
2770 2780 1133
1217 2773 1135
2759 2754 1128
1103 2735 1134
2757 2729 1128
1102 2716 1129
4021 2701 1121
4020 2686 1106
4022 2671 1097
4024 2654 1083
4031 2639 1089
1194 2630 1080
1792 2614 1083
4025 4026 1085
4027 2546 1081
4030 2512 1077
1193 2484 1066
4032 2479 1045
4029 2483 1031
4028 2489 1012
1167 2493 990
4085 2489 966
337 2403 939
339 2414 931
338 2404 915
2459 2412 889
2461 2405 879
1110 2405 860
345 2388 883
2462 2394 900
368 2371 912
336 2389 923
2465 2378 936
2464 2385 946
346 2383 955
2468 2361 919
335 2333 921
2467 2346 929
343 2328 938
2469 2320 947
2237 2341 951
1751 2362 949
1112 2325 961
1115 2334 979
334 2342 968
342 2359 972
1114 2336 997
348 2351 1004
1127 2363 996
2470 2382 994
1160 2336 1014
2460 2359 1025
1128 2380 1019
2285 2350 1043
2466 2367 1041
1129 2380 1042
2247 2373 1062
1132 2371 1088
2259 1280 1081
2262 2378 1109
2257 2395 1115
1130 2392 1100
2261 2392 1079
1131 2391 1057
1123 2391 1027
2253 2401 1034
2241 2397 997
344 2396 974
349 2408 968
2463 2425 968
1121 2420 981
2245 2412 996
2248 2428 997
1125 2436 1009
1117 2410 1013
1126 2419 1023 
2252 2443 1032
2242 2413 1042
1118 2427 1042
1119 2440 1047
1122 2405 1059
1137 2431 1059
2264 2406 1084
1138 2416 1075
2255 2438 1078
2256 2432 1092
2263 2413 1106
2268 2438 1106
1136 2408 1120
1156 2427 1115
2475 2410 1133
1148 2433 1126
1150 2452 1143
1149 2477 1140
2279 2472 1127
1158 2451 1120
2288 2473 1116
1142 2450 1093
2276 2462 1099
2932 2462 1099
2295 2455 1080
2273 2480 1079
2254 2451 1068
2278 2470 1065
2267 2452 1052
1143 2467 1052
2252 2442 1032
2266 2460 1033
1140 2472 1034
2265 2470 1016
2269 2484 1018
1135 2452 1004
2250 2463 1000
2270 2479 997
1134 2441 979
2292 2468 983
1144 2484 980
2932 2480 1097
774 2492 1084
1473 2561 881
798 2520 911
4082 2452 919
1218 2701 911

# large cont. north west


# large cont. south east
412 3559 471
4331 3528 467
1072 3523 435
4329 3545 434
430 3571 432
4332 3582 411
4171 3540 403
2217 3513 399
2232 3569 385
2219 933 798
656 3606 438
2425 3488 437
2426 3441 446
4342 3450 426
1780 3422 415
538 3443 387
526 3400 396
544 3357 390
545 3368 364
2101 3475 351
1888 3482 3378
2223 3506 367
2220 3527 346
4328 3556 370
431 3612 341
433 3590 323
539 3319 390
520 3301 385
4327 3596 314
4170 3628 287
429 3595 302
2222 3557 313
4335 3567 292
2234 3589 279
2342 3606 258
432 3561 344
434 3512 338
536 3487 323
540 3455 343
2093 3422 372
569 3397 345
1073 3361 340
2027 3330 342
514 3439 320
2058 3409 328
532 3368 310
2086 3308 356
413 3535 288
2099 3468 293
2067 3419 285
2088 3377 282
1947 3341 310
2050 3317 294
649 3664 260
4270 3644 254
381 3671 227
2210 3621 232
2341 3580 208
400 3614 191
379 3649 202
380 3668 186
651 3671 157
1855 3647 156
364 3637 181
655 3678 133
4272 3691 116
382 3671 106
4297 3638 136
4287 3603 151
2340 3599 132
2334 3673 133
394 3566 150
435 3550 155
2216 3550 190
4286 3514 198
4334 3503 180
4330 3517 218
2210 3526 233
1028 3728 190
4188 3746 193
1843 3742 181
1029 3759 178
656 3608 439
516 3744 24
4350 3730 83
4356 3714 99
4272 3690 119
655 3680 137
1235 3717 158 
1026 3728 160
1024 3776 161
4191 3773 145
1027 3743 159
4189 3738 148
1025 3733 130
646 3746 128
4190 3755 137
1839 3763 123
4131 3765 106
382 3663 106
2327 3697 77
2331 3726 72
516 3735 36
2627 3712 28
1320 3683 23
2336 3655 26
2054 3590 39
2335 3527 38
378 3643 78
4274 3615 75
392 3587 87
4275 3581 66
2339 3547 92
2553 3473 72
952 3442 58
956 3476 45
281 3431 85
2552 3440 101
2554 3410 121
2615 3393 46
428 3423 80
950 3378 97
956 3375 131
432 3561 344
434 3512 338
536 3487 323
540 3455 343
2093 3422 372
569 3397 345
1073 3361 340
2027 3330 342
514 3439 320
2058 3409 328
532 3368 310
2086 3308 356
413 3535 288
2099 3468 293
2067 3419 285
2088 3377 282
1947 3341 310
2050 3317 294
649 3664 260
4270 3644 254
381 3671 227
2210 3621 232
2341 3580 208
400 3614 191
379 3649 202
380 3668 186
651 3671 157
1855 3647 156
364 3637 181
655 3678 133
4272 3691 116
382 3671 106
4297 3638 136
4287 3603 151
2340 3599 132
2334 3673 133
394 3566 150
435 3550 155
2216 3550 190
4286 3514 198
4334 3503 180
4330 3517 218
2210 3526 233
1028 3728 190
4188 3746 193
1843 3742 181
1029 3759 178
656 3608 439
516 3744 24
4350 3730 83
4356 3714 99
4272 3690 119
655 3680 137
1235 3717 158 
1026 3728 160
1024 3776 161
4191 3773 145
1027 3743 159
4189 3738 148
1025 3733 130
646 3746 128
4190 3755 137
1839 3763 123
4131 3765 106
382 3663 106
2327 3697 77
2331 3726 72
516 3735 36
2627 3712 28
1320 3683 23
2336 3655 26
2054 3590 39
2335 3527 38
378 3643 78
4274 3615 75
392 3587 87
4275 3581 66
2339 3547 92
2553 3473 72
952 3442 58
956 3476 45
281 3431 85
2552 3440 101
2554 3410 121
2615 3393 46
428 3423 80
950 3378 97
956 3375 131
4192 3750 113
2338 3635 113
405 3620 128
2347 3562 124
408 3540 122
396 3520 146
404 3532 163
396 3518 146
397 3495 166
398 3475 200
4268 3520 94
2332 3491 85
385 3460 109
2328 3444 151
2333 3466 174
404 3448 83
397 3494 165
2333 3460 165
398 3481 196
2218 3473 219
2026 3492 261
572 3466 295
2036 3425 265
2034 3393 264
2053 3389 242
399 3410 232
2999 3444 202
4285 3413 207
399 3411 230
4273 3381 208
2337 3374 188
393 3398 168
2329 3394 144
4337 3352 123
414 3273 154
2051 3207 177
955 3352 147
2556 3307 167
2547 3299 134
946 3272 175
2555 3226 182
521 3153 178
515 3162 141
2215 3210 92
4253 3282 54


























































