# mam cont.
1024 3776 161
1024 3776 161
1025 3733 130
1025 3733 130
1026 3728 160
1026 3728 160
1027 3743 159
1027 3743 159
1028 3728 190
1028 3728 190
1029 3759 178
1029 3759 178
1072 3523 435
1073 3361 340
1073 3361 340
1235 3717 158 
1235 3717 158 
1320 3683 23
1320 3683 23
1780 3422 415
1839 3763 123
1839 3763 123
1843 3742 181
1843 3742 181
1855 3647 156
1855 3647 156
1888 3482 3378
1947 3341 310
1947 3341 310
2026 3492 261
2027 3330 342
2027 3330 342
2034 3393 264
2036 3425 265
2050 3317 294
2050 3317 294
2051 3207 177
2053 3389 242
2054 3590 39
2054 3590 39
2058 3409 328
2058 3409 328
2067 3419 285
2067 3419 285
2086 3308 356
2086 3308 356
2088 3377 282
2088 3377 282
2093 3422 372
2093 3422 372
2099 3468 293
2099 3468 293
2101 3475 351
2210 3526 233
2210 3526 233
2210 3621 232
2210 3621 232
2215 3210 92
2216 3550 190
2216 3550 190
2217 3513 399
2218 3473 219
2219 933 798
2220 3527 346
2222 3557 313
2223 3506 367
2232 3569 385
2234 3589 279
2327 3697 77
2327 3697 77
2328 3444 151
2329 3394 144
2331 3726 72
2331 3726 72
2332 3491 85
2333 3460 165
2333 3466 174
2334 3673 133
2334 3673 133
2335 3527 38
2335 3527 38
2336 3655 26
2336 3655 26
2337 3374 188
2338 3635 113
2339 3547 92
2339 3547 92
2340 3599 132
2340 3599 132
2341 3580 208
2341 3580 208
2342 3606 258
2347 3562 124
2425 3488 437
2426 3441 446
2547 3299 134
2552 3440 101
2552 3440 101
2553 3473 72
2553 3473 72
2554 3410 121
2554 3410 121
2555 3226 182
2556 3307 167
2615 3393 46
2615 3393 46
2627 3712 28
2627 3712 28
281 3431 85
281 3431 85
2999 3444 202
364 3637 181
364 3637 181
378 3643 78
379 3649 202
380 3668 186
381 3671 227
382 3663 106
385 3460 109
392 3587 87
392 3587 87
393 3398 168
394 3566 150
396 3518 146
396 3520 146
397 3494 165
397 3495 166
398 3475 200
399 3410 232
400 3614 191
404 3448 83
405 3620 128
408 3540 122
412 3559 471
413 3535 288
4131 3765 106
4131 3765 106
414 3273 154
4170 3628 287
4171 3540 403
4188 3746 193
4189 3738 148
4190 3755 137
4191 3773 145
4192 3750 113
4253 3282 54
4268 3520 94
4270 3644 254
4272 3690 119
4273 3381 208
4274 3615 75
4275 3581 66
428 3423 80
428 3423 80
4285 3413 207
4286 3514 198
4287 3603 151
429 3595 302
4297 3638 136
430 3571 432
431 3612 341
432 3561 344
432 3561 344
4327 3596 314
4328 3556 370
4329 3545 434
433 3590 323
4330 3517 218
4331 3528 467
4332 3582 411
4334 3503 180
4335 3567 292
4337 3352 123
434 3512 338
4342 3450 426
435 3550 155
4350 3730 83
4356 3714 99
515 3162 141
516 3744 24
520 3301 385
521 3153 178
526 3400 396
532 3368 310
536 3487 323
538 3443 387
539 3319 390
540 3455 343
544 3357 390
545 3368 364
569 3397 345
572 3466 295
649 3664 260
651 3671 157
655 3680 137
656 3608 439
946 3272 175
950 3378 97
952 3442 58
955 3352 147
956 3375 131