NOR
-Large eastern part of middle continent
---
10
20
46
47
51
22
---
2993
315
45
1775
---
21
1858
2994
2752
---
24
2575
49
981
---
2573
996
2576
980
995
2578
---
2574
1104
1105
2577
2579
986
---
2569
984
982
2572
1763
---
2969
247
244
48
23
111
---
4368
1769
130
4362
2966
2582
---
985
4361
2568
429
61
262
---
2960
246
265
4367
245
1770
4238
---
1318
4236
60
248
2970
266
370
---
371
1772
263
2297
2296
164
1978
---
4372
3003
153
1954
2746
---
4110
251
2750
1771
163
145
---
3000
160
161
297
289
1945
---
129
4244
293
4246
259
4243
---
4126
4173
155
4128
---
4174
237
4155 -Wasteland
4175
---
4125
236
2299
135
235
---
143
131
1853
4240
140
148
1828
---
1826
4176
1766
1960
4371
---
4148
275
4373
141
234
771
---
4239
139
1944
1943
---
3002 -Fix heightmap (is under wanter)
1942
1831
281
1827
280
---
4115
292
2959
4374
4130
261
---
2962
1940
2961
233
---
2424
255
2963
28
1863
241
---
1938
269
30
2958
923
---
42
767
1246
935
32
2527
---
1937
272
925
1841
2533
---
43
159
2958
1859
2995
37
---
2927
491
748
741
2890
276
278
---
1842
277
36
1756
35
260
67
---
1860
282
2405
133
4366
4369
---
310
311
290
4376
2407
149
322
---
243
4375
318
250
317
4309
---
242
2965
66
4242
2566
---
267
1764
273
1861
151
---
2570
1759
59
50
---
4363
2530
922
2956
---
1757
4370
238
2957
1941
---
316
4308
4311
252
---
240
1765
3001
239
1773
---
1864
147
146
156
---
257
1939
256
---Missed
2996
997
249
150
279
749
2531
152
---Missed 2
4312
144
1011
---Bugged
0 - wrong color



