-Island group on the eastern border of the middle continent
---
1857
3
4142
17
4145
---
4165
12
15
4144
1984
4149
---
4146
6
4166
13
26
4141
---
1982
1758
4153
2023
18
4114
1930
---
2558
4151
2
1
4143
---
937
44
53
1985
53
---
16
1777
54
56
54
4164
---
938
5
100
2971
---
4113
2549
1874
1931
9
---
2543
11
2011
4382
2546
55
4
---
4163
927
110
932
957
2542
2550
---
8
1774
112
2972
953
7
2539
---
2973
929
128
1768
---
936
2567
926
2538
2536
2571
---
2545
970
930
971
---
933
2541
2540
2565
2013
---
968
2535
928
2534
2561
2537
2544
---Missed
25
962


