PAP
-Left side of "edge"-continent
---
908
755
2916
119
---
570
2891
754
---
571
2908
2978
2977
753
---
751
2976
2909
116
---
2886
114
2911
106
2918
2917
113
---
2885
108
2914
109
756
2912
---
913
902
2513
917
2505
---
1803 -Wasteland
907 -Needs to be wasteland
2503 -Needs to be wasteland
---
2913
2910
123
121
2928
---
2926
2923
2925
2924
752
2929
---
117
2980
105
1862
107
118
---
2915
750
2922
2921
757
---
765
2898
759
768
2895
2899
760
---
890
2672
901
2625
900
916
---
898
2508
2009
2512
905
904
---
761
766
762
763
764
---
2892
2894
2903
2906
---
2897
2896
2893
769
2857
---
773
2920
2919
758
2903
---
2905
772
2907
2904
2888
---
2850
2887
2878
2855
2859
---
2852
2879
2884
2881
---
2902
744
743
2937
2931
903
---
2930
2811
2810
2934
---
2889
2933
2803
2935
745
747
2858
---
777
776
2938
---
2805
2804
2809
2814
2813
2812
---
825
2882
800
799
2848
---
790
2849
778
2883
2901
2016
---
2817
2816
822
2854
---Missed
2984
436 -Should be wasteland (and the heightmap is broken)
---Missed 2
2851
2853
775
746
834
831
2815
2939
742


