NOV
-Lower Right Corner Islands
---
2230
2985
1933
122
---
1186
4249
490
1182
4261
4251
---
789
2659
489
502
483
1095
---
1181
1180
2658
296
---
1176
2856
833
2864
1179
488
2654
---
1178
2880
2398
573
567
2654
1540
---
4260
291
1959
1752
---
312
4245
298
4116
313
4258
---
309
34
1961
1934
142
274
33
---
1958
2749
2411
295
---
2412
294
300
2408
---
1498 -Wasteland
---
4117
4248
2091
4255
---
1185
1800
2952
1184
1183
---
1177
1175
2950 -Water
906
1801 -Wasteland
---
4250
2025
1098
1106
2951
---
498
500
499
1739
---
497
2737
1108
2739
---
496
1611
494
493
1881
---
2041
--- Missed
580
