LIT
-Main (West) middle continent
---
1936
1834
2526
2997
---
2525
951
4241
40
770
4046
---
1189
948
1188
4106
4108
1187
---
1192
1190
1191
4104
---
1804 -Wasteland
---
4047
2551
2791
2762
4158
1213
---
39
270
941
1935
271
931
2548
41
---
4039
949
---
1223
1214
2770
1217
2758
2759
---
2763
1103
2757
1102
1223
1216
---
4021
4020
2772
1224
2799
1222
---
1219
1221
2801
2800
2771
4033
---
2798
1220
4022
4024
4031
1194
---
4323
1792
---
4321 -Wasteland
---
4320
2321
1233
1232
1228
---
1795 -Wasteland
---
1229
1225
2322
2320
4318
1226
---
2797
4026
1231
4319
4025
---
4322 -Wasteland
---
4027
2318
2317
2286
2287
---
2323
1234
1157
1161
1153
1145
1152
---
1421
2289
1146
1155
2280
1154
2283
---
1159
1147
2294
2290
4030
---
774
2932
2273
1193
---
1797 -Wasteland
---
2279
1149
2293
1150
2284
---
1632
2277
2475
2474
1136
---
2257
2263
1156
2268
1142
2256
---
1130
2262
2264
1138
2255
2261
---
4032
1143
2278
2267
2266
1140
2269
---
4028
2269
2265
2270
2250
---
1167
1144
4085
2291
2292
---
4086
2948
1168
1172
4087
---
1124
2249
1134
1135
1125
2248
1121
---
2251 -Wasteland
1794 -Wasteland
4167 -Wasteland
1793 -Wasteland
4168 -Wasteland
---
1137
1119
1118
2242
---
1126
2252
1122
2253
---
1131
1123
1117
2241
2245
1128
1129
---
2247
1132
2259
---
2260
2246
2243
1120
2238
351
2271
---
1133
1249
1162
2258
2285
1139
---
1160
1141
1114
348
2460
2466
---
1127
1115
2239
1112
1113
---
1116
2469
343
2467
335
2468
---
1116
2240
368
2244
345
--- 
1793 -Wasteland
---
2462
338
336
2465
337
2464
346
---
349
2463
---
2457
2472
2456
339
350
2459
---
2461
1110
347
4084
2458
366
1111
---
4083
4082
4081
1171
4092
4091
---
798
1168
1170
4080
4098
4088
---
2949
4079
4096
1901
1169
1151
---
4097
4099
1163
1473 -Is Water (Needs to not be water)
1164
4089
---
4070
4093
4068
4095
4101
4107
---
4100
4094
4109
1165
4090
4105
4078
---
1166
4069
4063
4067
4066
4064
4065
---
1796 -Wasteland (needs to not be wasteland)
1798 -Wasteland (needs to not be wasteland)
---
2764
4075
4074
1215
---
2756
2760
1211
1218
2761
---
2769
2768
---
2319
369
2324
---
2237
334
342
2470
344
1751
---
2288
1148
1158
---Missed
4029
2254
2295
2276
---Missed 2
360



