MUG
-north-east large continent
---
97
2703
2159
636
2387
637
2676
---
2711
643
2679
2708
---
592
2709
2713
2714
600
---
652
4353
4354
4352
---
644
4351
2716
2700
642
---
653
603
1242
2678
1253 -Water (needs to not be water) /sea
---
623
621
1762
622
2677
---
604
2380
2719
1749
2680
---
2683
229
227
---
79
63
62
71
1872
2968
134
---
232
1750
218
230
4150
606
---
605
2377
2686
597
2376
---
1953
2998
4127
132
57
---
58
52
68
2955
1868
76
---
1973
4160 -Wasteland (needs to not be wasteland)
73
64
---
594
2393
65
2097
---
2098
593
598
596
599
2394
---
2038
534
2029
4381
535
---
531
530
537
2065
2030
2089
---
522
2062
2079
510
2049
---
506
553
591
2404
2390
2391
620
---
595
561
2675
618
---
1022
608
2684
617
2673
---
2682
2378
609
1823
2375
---
226
222
223
231
1851
228
---
221
225
---
208
216
207
216
---
1748
219
2754
219
217
---
607
2374
215
1747
2402
4348
---
2989
2755
209
2990
1077
---
214
220
2988
2751
---
1745
1746
579
2047
2068
---
2064
2045
562
586
---
2046
563
2048
564
568
2039
---
590
2674
2685
2403
---
551
2082
2080
552
2043
---
559
2059
525
2035
1949
2090
---
2083
527
533
2032
2033
2426 -Wasteland (needs to be not wasteland)
---
2312
4291
410
2697
4288
---
517
529
1948
542
---
2063
524
543
---
657
4290
2698
2233
575
2231
---
154
162
157
4237
---Missed
1951
2392
1873
224
619
1946
2311
4289
2964

