-right side of "edge"-continent
---
2947
2830
2620
2476
805
816
---
2829
811
2616
865
866
---
796
809
855
860
859
2618
864
---
804
802
807
808
806
---
2828
2944
814
2632
2649
---
2826
2827
2833
2822
812
---
2631
844
847
2629
2630
---
2645 -Should be Wasteland
1802 -Wasteland
2644 -Should be Wasteland
2651 -Should be Wasteland
---
2630
2647
852
2646
2628
848
---
2635
2638
841
2653
2636
842
---
845
830
2807
2945
2808
---
820
818
819
2820
816
---
817
2824
815
2943
---
2825
2823
813
2821
---
791
2843
2839
850
---
2832
2845
2877
801
2940
2900
---
2842
2865
2846
2837
---
803
2972
2867
2838
2834
---
779
2842
2846
2860
2861
2844
---
2866
795
2941
2835
821
2818
---
785
823
824
2876
827
---
826
2871
2806
2875
---
2870
829
828
839
2637
2819
---
2868
786
780
---
782 -Should be Wasteland
---
781
2869
2661
840
853
---
843
2634
2652
846
861
2666
2498
---
2497
882
2500
2597
895
---
2528
897
885
918
2515
---
939
894
886
934
2514
---
4276
---
899
2520
896
940
912
915
---
2519
914
2509
943
869
---
2622
2623
2626
837
2640
---
4177 -Wasteland
---
873
942
2523
892
2484
2485
---
874
2482
872
2477
2633
2660
---
793
2664
797
836
---
487
485
486
2656
---
482
481
1107
2738
484
2655
---
838
2831
891
2942
492
---
2480
---
889
2008
1809
2490
909
---Problems with borders
835 
0 - Problem lies here
2840
2507
2007
---
2006
2020
2504
2506
792
2862
787
---
784
2873
2874
783
2841
---
2650
876
878
880
2667
875
---
2494
2021
871
2479
2478
881
2493
---
2492
867
868
870
879
---
2643
2624
2491
---
2642
2657
2621
854
851
2641
---
2648
849
---
2617
857
858
856
2614
2619
---
877
863
2496
---Missed
810
794
832
4341
---Missed 2
2662
2663
2481
426
2863
2872
2847
2836
2495
862
