FRA
-south-west large continent
---
4154 -Wasteland (needs to not be wasteland)
728
212
197
173
1004
---
2592
2753
725
176
175
2187
---
196
333
2987
213
200
648
---
731
4360
174
2729
1030
1835
---
1837
4111
2728
2107
1023
---
1020
2188
2727
4386
4185
---
4184
172
1845
1820
171
---
1819
4186
1830
170
171
---
1018
681
699
1019
4359
---
95
98
99
4204
732
2130
---
2174
2158
1840
2173
---
673
2163
4199
675
---
2748
2168
2167
4213
---
108
1088
1085
1094
1093
---
1092
1091
1087
2733
---
1090
2734
1009
1008
1806 -Wasteland (needs to not be wasteland)
---
2732
2731
2730
1005
1006
2594
---
2010
966
4220
2185
2562
---
727
2560
1971
965
1084
---
4218
1003
2591
2593
---
2583
2589
2590
2015
994
---
1007
910
2517
2012
4338
961
724
---
2518
2012
911
1001
2581
2695
1237
---
635
633
634
632
2717
626
---
1473 -Water (needs to not be water)
---
650
647
2721
2722
2723
2724
---
1010
2718
1245
2132
678
---
4212
1239
1238
674
662
---
582
2396
2397
---Missed
2736
2735
1086
1089


