MAM
-south east largest continent
---
1028
4188
1029
1024
4191
---
1026
1235
1025
4189
1027
---
4190
646
4192
1839
4131
---
656
516
4350
2331
4356
4276 -Wasteland (needs to not be wasteland)
---
4272
655
651
2327
382
---
378
4297
1855
364
380
---
379
381
400
2210
4270
649
---
4287
2340
405
2338
---
4274
392
4275
2339
---
1320 -Water (needs to not be water)
2336
2054
2335
---
2553
956
952
2615
---
2608 -Wasteland
2627 -Wasteland
---
408
435
2347
394
2334 -Wasteland (needs to not be wasteland)
---
404
4334
4286
2216
2341
---
2342
2234
4345
2209
4335
429
4170 -Wasteland (needs to not be wasteland)
---
4327
431
433
2222
432
2220
---
2219
2232
4332
656
430
---
4171
4329
4331
412
1072
2217
---
4342
1780
2101
538
540
---
536
434
413
2099
514
---
526
2093
2058
2067
2036
572
---
2026
2100
4330
2218
398
---
2999
2333
397
403
399
4285
---
4273
2337
393
2328
383
---
395
396
4268
2332
385
---
2552
2554
428
950
4337
---
999
4253
998
2547
---
544
545
569
532
2088
2034
---
2053
2056
2031
2085
541
---
384
2330
955
2329
2556
---
946
414
2555
2051
993
515
521
---
954
947
2557
958
959
---
960
2670
740
2066
550
---
1815
2087
528
546
547
2084
---
2028
548
518
2057
2092
---
513
512
505
558
2096
560
---
2072
2086
2081
520
2095
2044
---
211
1964
210
4129
---
989
2585
503
2559
1000
---
4172 -Wasteland (needs to not be wasteland)
---
2580
2415
2639
987
944
2052
---
504
2211
963
302
2212
---
969
2587
2586
2521
945
2522
---
1002
2563
2671
991
990
---
2037
2050
549
1080
---
1947
2027
1973
539
---Missed
2223
1888 -Water (needs to not be water)
1843
1963
2215
964
1073
519

