Smallest part of middle continent (south-east island)
---
158
2773 -Water (needs to be hightmapped)
1210
2802
2778
---
1207
1208
4050
4044
4076
---
4061
4102
1209
2790
4103
---
4053
1799 -Wasteland
4071
1354
4071
4077
---
2780
2776
2785
2784
2792
---
2793
1212
2789
2786
2777
2781
---
4052
2783
1206
2024
---
2795
2794
2775
1205
2774
---
2796
1273
1203
4057
---
2788
4051
4054
4059
1925
---
1200
1202
4055
4043
4073
---
1198
4036
4037
4045
1196
---
4056
4035
4058
1199
1197
4040
---
4049
1195
4034
4048
788
---
4313
319
4038
331
---
2305
1848
328
29
332
---
325
4310
27
4178 -Wasteland
326
---
31
137
136
19
2304
330
---
4315
4152
329
4314
1846
---
2300
2301
1776
138
4307
---
2302
324
323
327
---
2406
4247 -Water (needs to be hightmapped)
1974
1952
283
1109
---Missed provinces
4123
2782
1204
4072
4062
---Missed 2
4041
4042
4060
2779






